0.0000000  0.0000000
0.010000000  0.013041515
0.020000000  0.022822849
0.030000000  0.032604530
0.040000000  0.042386706
0.050000000  0.052169524
0.060000000  0.061953132
0.070000000  0.071737675
0.080000000  0.081523299
0.090000000  0.091310149
0.10000000  0.10109837
0.11000000  0.11088809
0.12000000  0.12067947
0.13000000  0.13047264
0.14000000  0.14026773
0.15000000  0.15006489
0.16000000  0.15986424
0.17000000  0.16966591
0.18000000  0.17947004
0.19000000  0.18927674
0.20000000  0.19908616
0.21000000  0.20889839
0.22000000  0.21871357
0.23000000  0.22853181
0.24000000  0.23835321
0.25000000  0.24817790
0.26000000  0.25800598
0.27000000  0.26783754
0.28000000  0.27767270
0.29000000  0.28751154
0.30000000  0.29735416
0.31000000  0.30720064
0.32000000  0.31705108
0.33000000  0.32690555
0.34000000  0.33676413
0.35000000  0.34662689
0.36000000  0.35649390
0.37000000  0.36636523
0.38000000  0.37624094
0.39000000  0.38612109
0.40000000  0.39600572
0.41000000  0.40589488
0.42000000  0.41578863
0.43000000  0.42568699
0.44000000  0.43559000
0.45000000  0.44549770
0.46000000  0.45541010
0.47000000  0.46532723
0.48000000  0.47524910
0.49000000  0.48517573
0.50000000  0.49510713
0.51000000  0.50504328
0.52000000  0.51498420
0.53000000  0.52492988
0.54000000  0.53488030
0.55000000  0.54483545
0.56000000  0.55479530
0.57000000  0.56475984
0.58000000  0.57472902
0.59000000  0.58470283
0.60000000  0.59468121
0.61000000  0.60466413
0.62000000  0.61465154
0.63000000  0.62464338
0.64000000  0.63463959
0.65000000  0.64464013
0.66000000  0.65464492
0.67000000  0.66465389
0.68000000  0.67466697
0.69000000  0.68468408
0.70000000  0.69470515
0.71000000  0.70473008
0.72000000  0.71475879
0.73000000  0.72479119
0.74000000  0.73482717
0.75000000  0.74486664
0.76000000  0.75490950
0.77000000  0.76495565
0.78000000  0.77500496
0.79000000  0.78505733
0.80000000  0.79511264
0.81000000  0.80517078
0.82000000  0.81523162
0.83000000  0.82529505
0.84000000  0.83536092
0.85000000  0.84542912
0.86000000  0.85549952
0.87000000  0.86557198
0.88000000  0.87564636
0.89000000  0.88572253
0.90000000  0.89580035
0.91000000  0.90587968
0.92000000  0.91596038
0.93000000  0.92604231
0.94000000  0.93612532
0.95000000  0.94620926
0.96000000  0.95629399
0.97000000  0.96637936
0.98000000  0.97646523
0.99000000  0.98655145
1.0000000  1.0000000
