0.0000000  0.0000000
0.010000000  0.010716458
0.020000000  0.020540033
0.030000000  0.030363910
0.040000000  0.040188234
0.050000000  0.050013149
0.060000000  0.059838798
0.070000000  0.069665324
0.080000000  0.079492868
0.090000000  0.089321572
0.10000000  0.099151574
0.11000000  0.10898301
0.12000000  0.11881603
0.13000000  0.12865075
0.14000000  0.13848732
0.15000000  0.14832586
0.16000000  0.15816651
0.17000000  0.16800939
0.18000000  0.17785463
0.19000000  0.18770235
0.20000000  0.19755267
0.21000000  0.20740571
0.22000000  0.21726160
0.23000000  0.22712043
0.24000000  0.23698232
0.25000000  0.24684738
0.26000000  0.25671571
0.27000000  0.26658741
0.28000000  0.27646259
0.29000000  0.28634132
0.30000000  0.29622371
0.31000000  0.30610984
0.32000000  0.31599979
0.33000000  0.32589365
0.34000000  0.33579149
0.35000000  0.34569337
0.36000000  0.35559938
0.37000000  0.36550957
0.38000000  0.37542400
0.39000000  0.38534273
0.40000000  0.39526580
0.41000000  0.40519328
0.42000000  0.41512519
0.43000000  0.42506158
0.44000000  0.43500248
0.45000000  0.44494792
0.46000000  0.45489793
0.47000000  0.46485252
0.48000000  0.47481171
0.49000000  0.48477552
0.50000000  0.49474395
0.51000000  0.50471701
0.52000000  0.51469468
0.53000000  0.52467697
0.54000000  0.53466386
0.55000000  0.54465534
0.56000000  0.55465139
0.57000000  0.56465199
0.58000000  0.57465709
0.59000000  0.58466668
0.60000000  0.59468071
0.61000000  0.60469914
0.62000000  0.61472193
0.63000000  0.62474902
0.64000000  0.63478036
0.65000000  0.64481589
0.66000000  0.65485554
0.67000000  0.66489925
0.68000000  0.67494695
0.69000000  0.68499856
0.70000000  0.69505401
0.71000000  0.70511320
0.72000000  0.71517606
0.73000000  0.72524249
0.74000000  0.73531240
0.75000000  0.74538569
0.76000000  0.75546227
0.77000000  0.76554202
0.78000000  0.77562485
0.79000000  0.78571064
0.80000000  0.79579928
0.81000000  0.80589065
0.82000000  0.81598464
0.83000000  0.82608112
0.84000000  0.83617998
0.85000000  0.84628108
0.86000000  0.85638430
0.87000000  0.86648951
0.88000000  0.87659658
0.89000000  0.88670537
0.90000000  0.89681576
0.91000000  0.90692759
0.92000000  0.91704074
0.93000000  0.92715506
0.94000000  0.93727042
0.95000000  0.94738667
0.96000000  0.95750367
0.97000000  0.96762127
0.98000000  0.97773934
0.99000000  0.98785773
1.0000000  1.0000000
