0.0000000  0.0000000
0.010000000  0.0098562791
0.020000000  0.019712842
0.030000000  0.029569405
0.040000000  0.039426817
0.050000000  0.049284229
0.060000000  0.059143054
0.070000000  0.069001879
0.080000000  0.078862673
0.090000000  0.088723468
0.10000000  0.098586781
0.11000000  0.10845009
0.12000000  0.11831647
0.13000000  0.12818284
0.14000000  0.13805280
0.15000000  0.14792275
0.16000000  0.15779681
0.17000000  0.16767087
0.18000000  0.17754952
0.19000000  0.18742817
0.20000000  0.19731190
0.21000000  0.20719563
0.22000000  0.21708489
0.23000000  0.22697415
0.24000000  0.23686938
0.25000000  0.24676461
0.26000000  0.25666623
0.27000000  0.26656784
0.28000000  0.27647623
0.29000000  0.28638462
0.30000000  0.29630014
0.31000000  0.30621567
0.32000000  0.31613866
0.33000000  0.32606165
0.34000000  0.33599241
0.35000000  0.34592317
0.36000000  0.35586198
0.37000000  0.36580079
0.38000000  0.37574788
0.39000000  0.38569497
0.40000000  0.39565056
0.41000000  0.40560615
0.42000000  0.41557040
0.43000000  0.42553466
0.44000000  0.43550773
0.45000000  0.44548080
0.46000000  0.45546279
0.47000000  0.46544477
0.48000000  0.47543575
0.49000000  0.48542673
0.50000000  0.49542673
0.51000000  0.50542673
0.52000000  0.51543575
0.53000000  0.52544477
0.54000000  0.53546279
0.55000000  0.54548080
0.56000000  0.55550773
0.57000000  0.56553466
0.58000000  0.57557040
0.59000000  0.58560615
0.60000000  0.59565056
0.61000000  0.60569497
0.62000000  0.61574788
0.63000000  0.62580078
0.64000000  0.63586198
0.65000000  0.64592317
0.66000000  0.65599241
0.67000000  0.66606165
0.68000000  0.67613866
0.69000000  0.68621567
0.70000000  0.69630014
0.71000000  0.70638462
0.72000000  0.71647623
0.73000000  0.72656784
0.74000000  0.73666623
0.75000000  0.74676461
0.76000000  0.75686938
0.77000000  0.76697415
0.78000000  0.77708488
0.79000000  0.78719562
0.80000000  0.79731190
0.81000000  0.80742817
0.82000000  0.81754952
0.83000000  0.82767086
0.84000000  0.83779681
0.85000000  0.84792275
0.86000000  0.85805279
0.87000000  0.86818284
0.88000000  0.87831646
0.89000000  0.88845009
0.90000000  0.89858678
0.91000000  0.90872347
0.92000000  0.91886267
0.93000000  0.92900188
0.94000000  0.93914305
0.95000000  0.94928423
0.96000000  0.95942682
0.97000000  0.96956940
0.98000000  0.97971284
0.99000000  0.98985628
1.0000000  1.0000000
