0.00000  0.0000000
0.010000000  0.00042980301
0.020000000  0.00075603862
0.030000000  0.0010890890
0.040000000  0.0014319188
0.050000000  0.0017875397
0.060000000  0.0021590249
0.070000000  0.0025495227
0.080000000  0.0029622707
0.090000000  0.0034006093
0.10000000  0.0038679956
0.11000000  0.0043680163
0.12000000  0.0049044014
0.13000000  0.0054810369
0.14000000  0.0061019774
0.15000000  0.0067714583
0.16000000  0.0074939081
0.17000000  0.0082739595
0.18000000  0.0091164606
0.19000000  0.010026485
0.20000000  0.011009344
0.21000000  0.012070590
0.22000000  0.013216032
0.23000000  0.014451740
0.24000000  0.015784050
0.25000000  0.017219574
0.26000000  0.018765201
0.27000000  0.020428105
0.28000000  0.022215742
0.29000000  0.024135857
0.30000000  0.026196481
0.31000000  0.028405928
0.32000000  0.030772798
0.33000000  0.033305965
0.34000000  0.036014576
0.35000000  0.038908044
0.36000000  0.041996032
0.37000000  0.045288448
0.38000000  0.048795429
0.39000000  0.052527326
0.40000000  0.056494686
0.41000000  0.060708233
0.42000000  0.065178849
0.43000000  0.069917546
0.44000000  0.074935444
0.45000000  0.080243743
0.46000000  0.085853693
0.47000000  0.091776561
0.48000000  0.098023602
0.49000000  0.10460602
0.50000000  0.11153492
0.51000000  0.11882131
0.52000000  0.12647601
0.53000000  0.13450963
0.54000000  0.14293254
0.55000000  0.15175481
0.56000000  0.16098617
0.57000000  0.17063597
0.58000000  0.18071313
0.59000000  0.19122608
0.60000000  0.20218274
0.61000000  0.21359043
0.62000000  0.22545589
0.63000000  0.23778517
0.64000000  0.25058361
0.65000000  0.26385581
0.66000000  0.27760557
0.67000000  0.29183585
0.68000000  0.30654874
0.69000000  0.32174542
0.70000000  0.33742612
0.71000000  0.35359008
0.72000000  0.37023557
0.73000000  0.38735979
0.74000000  0.40495892
0.75000000  0.42302804
0.76000000  0.44156117
0.77000000  0.46055122
0.78000000  0.47999001
0.79000000  0.49986824
0.80000000  0.52017553
0.81000000  0.54090038
0.82000000  0.56203024
0.83000000  0.58355148
0.84000000  0.60544942
0.85000000  0.62770836
0.86000000  0.65031163
0.87000000  0.67324159
0.88000000  0.69647969
0.89000000  0.72000651
0.90000000  0.74380181
0.91000000  0.76784457
0.92000000  0.79211305
0.93000000  0.81658486
0.94000000  0.84123701
0.95000000  0.86604598
0.96000000  0.89098778
0.97000000  0.91603802
0.98000000  0.94117201
0.99000000  0.96636478
1.0000000  1.0000000
