0.00000  0.0000000
0.010000000  0.00036235150
0.020000000  0.00069770966
0.030000000  0.0010393522
0.040000000  0.0013903229
0.050000000  0.0017537102
0.060000000  0.0021326612
0.070000000  0.0025303963
0.080000000  0.0029502230
0.090000000  0.0033955501
0.10000000  0.0038699011
0.11000000  0.0043769284
0.12000000  0.0049204262
0.13000000  0.0055043437
0.14000000  0.0061327982
0.15000000  0.0068100872
0.16000000  0.0075407003
0.17000000  0.0083293315
0.18000000  0.0091808896
0.19000000  0.010100509
0.20000000  0.011093560
0.21000000  0.012165657
0.22000000  0.013322668
0.23000000  0.014570723
0.24000000  0.015916217
0.25000000  0.017365823
0.26000000  0.018926487
0.27000000  0.020605442
0.28000000  0.022410203
0.29000000  0.024348570
0.30000000  0.026428630
0.31000000  0.028658754
0.32000000  0.031047592
0.33000000  0.033604073
0.34000000  0.036337392
0.35000000  0.039257009
0.36000000  0.042372633
0.37000000  0.045694214
0.38000000  0.049231928
0.39000000  0.052996160
0.40000000  0.056997491
0.41000000  0.061246672
0.42000000  0.065754607
0.43000000  0.070532327
0.44000000  0.075590965
0.45000000  0.080941728
0.46000000  0.086595869
0.47000000  0.092564650
0.48000000  0.098859314
0.49000000  0.10549105
0.50000000  0.11247094
0.51000000  0.11980996
0.52000000  0.12751888
0.53000000  0.13560828
0.54000000  0.14408847
0.55000000  0.15296946
0.56000000  0.16226091
0.57000000  0.17197210
0.58000000  0.18211185
0.59000000  0.19268851
0.60000000  0.20370990
0.61000000  0.21518323
0.62000000  0.22711513
0.63000000  0.23951152
0.64000000  0.25237763
0.65000000  0.26571792
0.66000000  0.27953605
0.67000000  0.29383483
0.68000000  0.30861622
0.69000000  0.32388122
0.70000000  0.33962993
0.71000000  0.35586143
0.72000000  0.37257380
0.73000000  0.38976412
0.74000000  0.40742837
0.75000000  0.42556148
0.76000000  0.44415731
0.77000000  0.46320861
0.78000000  0.48270703
0.79000000  0.50264311
0.80000000  0.52300632
0.81000000  0.54378503
0.82000000  0.56496651
0.83000000  0.58653701
0.84000000  0.60848171
0.85000000  0.63078480
0.86000000  0.65342947
0.87000000  0.67639797
0.88000000  0.69967166
0.89000000  0.72323102
0.90000000  0.74705572
0.91000000  0.77112468
0.92000000  0.79541608
0.93000000  0.81990749
0.94000000  0.84457586
0.95000000  0.86939766
0.96000000  0.89434886
0.97000000  0.91940507
0.98000000  0.94454158
0.99000000  0.96973346
1.0000000  1.0000000
