0.00000  0.0000000
0.010000000  0.00033879449
0.020000000  0.00068372270
0.030000000  0.0010286509
0.040000000  0.0013920974
0.050000000  0.0017555439
0.060000000  0.0021502437
0.070000000  0.0025449435
0.080000000  0.0029842136
0.090000000  0.0034234836
0.10000000  0.0039214499
0.11000000  0.0044194162
0.12000000  0.0049912353
0.13000000  0.0055630545
0.14000000  0.0062251276
0.15000000  0.0068872008
0.16000000  0.0076573766
0.17000000  0.0084275524
0.18000000  0.0093253170
0.19000000  0.010223082
0.20000000  0.011269732
0.21000000  0.012316382
0.22000000  0.013535177
0.23000000  0.014753972
0.24000000  0.016170263
0.25000000  0.017586554
0.26000000  0.019227879
0.27000000  0.020869205
0.28000000  0.022765357
0.29000000  0.024661509
0.30000000  0.026844558
0.31000000  0.029027608
0.32000000  0.031531882
0.33000000  0.034036156
0.34000000  0.036898171
0.35000000  0.039760187
0.36000000  0.043018529
0.37000000  0.046276870
0.38000000  0.049972005
0.39000000  0.053667140
0.40000000  0.057841180
0.41000000  0.062015221
0.42000000  0.066711615
0.43000000  0.071408010
0.44000000  0.076671171
0.45000000  0.081934333
0.46000000  0.087809205
0.47000000  0.093684077
0.48000000  0.10021563
0.49000000  0.10674719
0.50000000  0.11397987
0.51000000  0.12121255
0.52000000  0.12918965
0.53000000  0.13716675
0.54000000  0.14592978
0.55000000  0.15469280
0.56000000  0.16428073
0.57000000  0.17386866
0.58000000  0.18431726
0.59000000  0.19476586
0.60000000  0.20610691
0.61000000  0.21744796
0.62000000  0.22970853
0.63000000  0.24196910
0.64000000  0.25517081
0.65000000  0.26837253
0.66000000  0.28253088
0.67000000  0.29668923
0.68000000  0.31181291
0.69000000  0.32693660
0.70000000  0.34302694
0.71000000  0.35911729
0.72000000  0.37616775
0.73000000  0.39321822
0.74000000  0.41121398
0.75000000  0.42920975
0.76000000  0.44812742
0.77000000  0.46704510
0.78000000  0.48685257
0.79000000  0.50666003
0.80000000  0.52731638
0.81000000  0.54797274
0.82000000  0.56942842
0.83000000  0.59088410
0.84000000  0.61308114
0.85000000  0.63527817
0.86000000  0.65815058
0.87000000  0.68102298
0.88000000  0.70449729
0.89000000  0.72797160
0.90000000  0.75196755
0.91000000  0.77596351
0.92000000  0.80039488
0.93000000  0.82482625
0.94000000  0.84960173
0.95000000  0.87437720
0.96000000  0.89940142
0.97000000  0.92442564
0.98000000  0.94960031
0.99000000  0.97477498
1.0000000  1.0000000
